{
 "cells": [
  {
   "cell_type": "code",
   "execution_count": 2,
   "metadata": {},
   "outputs": [],
   "source": [
    "import pandas as pd\n",
    "import numpy as np"
   ]
  },
  {
   "cell_type": "code",
   "execution_count": 3,
   "metadata": {},
   "outputs": [],
   "source": [
    "data = pd.read_excel(\"data.xlsx\")"
   ]
  },
  {
   "cell_type": "code",
   "execution_count": 4,
   "metadata": {},
   "outputs": [],
   "source": [
    "data=data.loc[[1,2,3,4,5,6,7,8,9,10],[2557,2558,2559,2560]]"
   ]
  },
  {
   "cell_type": "code",
   "execution_count": 5,
   "metadata": {},
   "outputs": [
    {
     "data": {
      "text/html": [
       "<div>\n",
       "<style scoped>\n",
       "    .dataframe tbody tr th:only-of-type {\n",
       "        vertical-align: middle;\n",
       "    }\n",
       "\n",
       "    .dataframe tbody tr th {\n",
       "        vertical-align: top;\n",
       "    }\n",
       "\n",
       "    .dataframe thead th {\n",
       "        text-align: right;\n",
       "    }\n",
       "</style>\n",
       "<table border=\"1\" class=\"dataframe\">\n",
       "  <thead>\n",
       "    <tr style=\"text-align: right;\">\n",
       "      <th></th>\n",
       "      <th></th>\n",
       "      <th>2557</th>\n",
       "      <th>2558</th>\n",
       "      <th>2559</th>\n",
       "      <th>2560</th>\n",
       "    </tr>\n",
       "  </thead>\n",
       "  <tbody>\n",
       "    <tr>\n",
       "      <th>1.0</th>\n",
       "      <th>CPF</th>\n",
       "      <td>0.0545554</td>\n",
       "      <td>0.0728332</td>\n",
       "      <td>0.0635324</td>\n",
       "      <td>0.0709723</td>\n",
       "    </tr>\n",
       "    <tr>\n",
       "      <th>2.0</th>\n",
       "      <th>PM</th>\n",
       "      <td>0.0763942</td>\n",
       "      <td>0.0687758</td>\n",
       "      <td>0.0804505</td>\n",
       "      <td>0.0665336</td>\n",
       "    </tr>\n",
       "    <tr>\n",
       "      <th>3.0</th>\n",
       "      <th>TVO</th>\n",
       "      <td>0.0993049</td>\n",
       "      <td>0.117096</td>\n",
       "      <td>0.0769823</td>\n",
       "      <td>0.108225</td>\n",
       "    </tr>\n",
       "    <tr>\n",
       "      <th>4.0</th>\n",
       "      <th>LTX</th>\n",
       "      <td>0.106496</td>\n",
       "      <td>0.143678</td>\n",
       "      <td>0.130378</td>\n",
       "      <td>0.1221</td>\n",
       "    </tr>\n",
       "    <tr>\n",
       "      <th>5.0</th>\n",
       "      <th>SUC</th>\n",
       "      <td>0.067981</td>\n",
       "      <td>0.0848176</td>\n",
       "      <td>0.139665</td>\n",
       "      <td>0.0832639</td>\n",
       "    </tr>\n",
       "    <tr>\n",
       "      <th>6.0</th>\n",
       "      <th>TNL</th>\n",
       "      <td>0.0667111</td>\n",
       "      <td>0.0630517</td>\n",
       "      <td>0.0650195</td>\n",
       "      <td>0.0608643</td>\n",
       "    </tr>\n",
       "    <tr>\n",
       "      <th>7.0</th>\n",
       "      <th>KYE</th>\n",
       "      <td>0.110988</td>\n",
       "      <td>0.136426</td>\n",
       "      <td>0.130719</td>\n",
       "      <td>0.120773</td>\n",
       "    </tr>\n",
       "    <tr>\n",
       "      <th>8.0</th>\n",
       "      <th>JCT</th>\n",
       "      <td>0.0740741</td>\n",
       "      <td>0.0849618</td>\n",
       "      <td>0.0814332</td>\n",
       "      <td>0.0640205</td>\n",
       "    </tr>\n",
       "    <tr>\n",
       "      <th>9.0</th>\n",
       "      <th>OCC</th>\n",
       "      <td>0.0803213</td>\n",
       "      <td>0.0805153</td>\n",
       "      <td>0.0825083</td>\n",
       "      <td>0.0703235</td>\n",
       "    </tr>\n",
       "    <tr>\n",
       "      <th>10.0</th>\n",
       "      <th>S&amp;J</th>\n",
       "      <td>0.0766871</td>\n",
       "      <td>0.0942507</td>\n",
       "      <td>0.106045</td>\n",
       "      <td>0.063857</td>\n",
       "    </tr>\n",
       "  </tbody>\n",
       "</table>\n",
       "</div>"
      ],
      "text/plain": [
       "               2557       2558       2559       2560\n",
       "1.0  CPF  0.0545554  0.0728332  0.0635324  0.0709723\n",
       "2.0  PM   0.0763942  0.0687758  0.0804505  0.0665336\n",
       "3.0  TVO  0.0993049   0.117096  0.0769823   0.108225\n",
       "4.0  LTX   0.106496   0.143678   0.130378     0.1221\n",
       "5.0  SUC   0.067981  0.0848176   0.139665  0.0832639\n",
       "6.0  TNL  0.0667111  0.0630517  0.0650195  0.0608643\n",
       "7.0  KYE   0.110988   0.136426   0.130719   0.120773\n",
       "8.0  JCT  0.0740741  0.0849618  0.0814332  0.0640205\n",
       "9.0  OCC  0.0803213  0.0805153  0.0825083  0.0703235\n",
       "10.0 S&J  0.0766871  0.0942507   0.106045   0.063857"
      ]
     },
     "execution_count": 5,
     "metadata": {},
     "output_type": "execute_result"
    }
   ],
   "source": [
    "data"
   ]
  },
  {
   "cell_type": "code",
   "execution_count": 6,
   "metadata": {},
   "outputs": [],
   "source": [
    "data_array=data.as_matrix()"
   ]
  },
  {
   "cell_type": "code",
   "execution_count": 7,
   "metadata": {},
   "outputs": [],
   "source": [
    "mean=[]\n",
    "for i in range(len(data_array)):\n",
    "    mean.append(data_array[i].mean())"
   ]
  },
  {
   "cell_type": "code",
   "execution_count": 8,
   "metadata": {},
   "outputs": [
    {
     "data": {
      "text/plain": [
       "[0.06547332699215608,\n",
       " 0.07303852683974468,\n",
       " 0.10040207174281639,\n",
       " 0.1256631630324779,\n",
       " 0.0939318396449015,\n",
       " 0.0639116554200422,\n",
       " 0.12472633511826245,\n",
       " 0.07612238814755752,\n",
       " 0.0784170804793135,\n",
       " 0.085209830639915]"
      ]
     },
     "execution_count": 8,
     "metadata": {},
     "output_type": "execute_result"
    }
   ],
   "source": [
    "mean"
   ]
  },
  {
   "cell_type": "code",
   "execution_count": 28,
   "metadata": {},
   "outputs": [
    {
     "name": "stdout",
     "output_type": "stream",
     "text": [
      "Zig 0 0 = 6.912524500730485e-05\n",
      "Zig 0 1 = -3.938898365818855e-05\n",
      "Zig 0 2 = 7.443988101438727e-05\n",
      "Zig 0 3 = 0.00010436901717995538\n",
      "Zig 0 4 = 2.294134490183623e-05\n",
      "Zig 0 5 = -1.860053315409469e-05\n",
      "Zig 0 6 = 6.757716385228827e-05\n",
      "Zig 0 7 = 3.5213301349393374e-06\n",
      "Zig 0 8 = -1.9264883341816178e-05\n",
      "Zig 0 9 = 5.774955324770943e-07\n",
      "Zig 1 0 = -3.938898365818855e-05\n",
      "Zig 1 1 = 4.2227728669517805e-05\n",
      "Zig 1 2 = -9.977310987611939e-05\n",
      "Zig 1 3 = -2.7662164425760588e-05\n",
      "Zig 1 4 = 0.00012004511490912534\n",
      "Zig 1 5 = 1.3698093433183794e-05\n",
      "Zig 1 6 = -8.613096342622503e-06\n",
      "Zig 1 7 = 2.4510830709766597e-05\n",
      "Zig 1 8 = 2.680589996667372e-05\n",
      "Zig 1 9 = 7.539579492058176e-05\n",
      "Zig 2 0 = 7.443988101438727e-05\n",
      "Zig 2 1 = -9.977310987611939e-05\n",
      "Zig 2 2 = 0.0002965258709012842\n",
      "Zig 2 3 = 6.115831697659655e-05\n",
      "Zig 2 4 = -0.00042606322176098725\n",
      "Zig 2 5 = -2.2404339660539743e-05\n",
      "Zig 2 6 = 1.3036137056959567e-05\n",
      "Zig 2 7 = -2.3080227582157393e-05\n",
      "Zig 2 8 = -4.206418089776841e-05\n",
      "Zig 2 9 = -0.0001649031444957109\n",
      "Zig 3 0 = 0.00010436901717995538\n",
      "Zig 3 1 = -2.7662164425760588e-05\n",
      "Zig 3 2 = 6.115831697659655e-05\n",
      "Zig 3 3 = 0.00024227856488404792\n",
      "Zig 3 4 = 0.00019561444615138611\n",
      "Zig 3 5 = -1.768936336377881e-05\n",
      "Zig 3 6 = 0.00017214304820736806\n",
      "Zig 3 7 = 8.888700609395556e-05\n",
      "Zig 3 8 = 1.647636583639879e-05\n",
      "Zig 3 9 = 0.00016684690185491283\n",
      "Zig 4 0 = 2.294134490183623e-05\n",
      "Zig 4 1 = 0.00012004511490912534\n",
      "Zig 4 2 = -0.00042606322176098725\n",
      "Zig 4 3 = 0.00019561444615138611\n",
      "Zig 4 4 = 0.0009872748288134643\n",
      "Zig 4 5 = 6.121042419558078e-06\n",
      "Zig 4 6 = 0.00018871064534560766\n",
      "Zig 4 7 = 0.0001148579293913753\n",
      "Zig 4 8 = 6.830119434331959e-05\n",
      "Zig 4 9 = 0.0004397982180230466\n",
      "Zig 5 0 = -1.860053315409469e-05\n",
      "Zig 5 1 = 1.3698093433183794e-05\n",
      "Zig 5 2 = -2.2404339660539743e-05\n",
      "Zig 5 3 = -1.768936336377881e-05\n",
      "Zig 5 4 = 6.121042419558078e-06\n",
      "Zig 5 5 = 6.3635038558553816e-06\n",
      "Zig 5 6 = -9.945099514639798e-06\n",
      "Zig 5 7 = 9.809020928914411e-06\n",
      "Zig 5 8 = 1.0907701133625929e-05\n",
      "Zig 5 9 = 1.8839388904146856e-05\n",
      "Zig 6 0 = 6.757716385228827e-05\n",
      "Zig 6 1 = -8.613096342622503e-06\n",
      "Zig 6 2 = 1.3036137056959567e-05\n",
      "Zig 6 3 = 0.00017214304820736806\n",
      "Zig 6 4 = 0.00018871064534560766\n",
      "Zig 6 5 = -9.945099514639798e-06\n",
      "Zig 6 6 = 0.0001257207567471554\n",
      "Zig 6 7 = 7.040828357981137e-05\n",
      "Zig 6 8 = 1.8300214034049572e-05\n",
      "Zig 6 9 = 0.00014404412568408913\n",
      "Zig 7 0 = 3.5213301349393374e-06\n",
      "Zig 7 1 = 2.4510830709766597e-05\n",
      "Zig 7 2 = -2.3080227582157393e-05\n",
      "Zig 7 3 = 8.888700609395556e-05\n",
      "Zig 7 4 = 0.0001148579293913753\n",
      "Zig 7 5 = 9.809020928914411e-06\n",
      "Zig 7 6 = 7.040828357981137e-05\n",
      "Zig 7 7 = 8.566374009264947e-05\n",
      "Zig 7 8 = 4.477397546161859e-05\n",
      "Zig 7 9 = 0.00015547766394797603\n",
      "Zig 8 0 = -1.9264883341816178e-05\n",
      "Zig 8 1 = 2.680589996667372e-05\n",
      "Zig 8 2 = -4.206418089776841e-05\n",
      "Zig 8 3 = 1.647636583639879e-05\n",
      "Zig 8 4 = 6.830119434331959e-05\n",
      "Zig 8 5 = 1.0907701133625929e-05\n",
      "Zig 8 6 = 1.8300214034049572e-05\n",
      "Zig 8 7 = 4.477397546161859e-05\n",
      "Zig 8 8 = 3.0090808351620773e-05\n",
      "Zig 8 9 = 8.693350032482419e-05\n",
      "Zig 9 0 = 5.774955324770943e-07\n",
      "Zig 9 1 = 7.539579492058176e-05\n",
      "Zig 9 2 = -0.0001649031444957109\n",
      "Zig 9 3 = 0.00016684690185491283\n",
      "Zig 9 4 = 0.0004397982180230466\n",
      "Zig 9 5 = 1.8839388904146856e-05\n",
      "Zig 9 6 = 0.00014404412568408913\n",
      "Zig 9 7 = 0.00015547766394797603\n",
      "Zig 9 8 = 8.693350032482419e-05\n",
      "Zig 9 9 = 0.0003481347419093748\n"
     ]
    }
   ],
   "source": [
    "for i in range(len(data_array)):\n",
    "    for j in range(len(data_array)):\n",
    "        print('Zig',i,j,'=',np.cov(data_array[i].astype(float),data_array[j].astype(float),rowvar=False)[0][1])"
   ]
  },
  {
   "cell_type": "code",
   "execution_count": 29,
   "metadata": {},
   "outputs": [
    {
     "data": {
      "text/plain": [
       "array([[0.05455537370430988, 0.07283321194464676, 0.06353240152477764,\n",
       "        0.07097232079488999],\n",
       "       [0.07639419404125286, 0.06877579092159561, 0.08045052292839903,\n",
       "        0.06653359946773121],\n",
       "       [0.09930486593843098, 0.117096018735363, 0.07698229407236336,\n",
       "        0.10822510822510822],\n",
       "       [0.10649627263045792, 0.14367816091954022, 0.1303780964797914,\n",
       "        0.12210012210012211],\n",
       "       [0.06798096532970768, 0.08481764206955048, 0.13966480446927373,\n",
       "        0.08326394671107411],\n",
       "       [0.066711140760507, 0.06305170239596469, 0.06501950585175552,\n",
       "        0.06086427267194157],\n",
       "       [0.11098779134295228, 0.1364256480218281, 0.13071895424836602,\n",
       "        0.12077294685990339],\n",
       "       [0.07407407407407407, 0.08496176720475786, 0.08143322475570033,\n",
       "        0.06402048655569782],\n",
       "       [0.08032128514056225, 0.08051529790660225, 0.08250825082508251,\n",
       "        0.07032348804500703],\n",
       "       [0.07668711656441718, 0.09425070688030161, 0.10604453870625663,\n",
       "        0.06385696040868455]], dtype=object)"
      ]
     },
     "execution_count": 29,
     "metadata": {},
     "output_type": "execute_result"
    }
   ],
   "source": [
    "data_array"
   ]
  },
  {
   "cell_type": "code",
   "execution_count": null,
   "metadata": {},
   "outputs": [],
   "source": []
  }
 ],
 "metadata": {
  "kernelspec": {
   "display_name": "Python 3",
   "language": "python",
   "name": "python3"
  },
  "language_info": {
   "codemirror_mode": {
    "name": "ipython",
    "version": 3
   },
   "file_extension": ".py",
   "mimetype": "text/x-python",
   "name": "python",
   "nbconvert_exporter": "python",
   "pygments_lexer": "ipython3",
   "version": "3.6.4"
  }
 },
 "nbformat": 4,
 "nbformat_minor": 2
}
