{
 "cells": [
  {
   "cell_type": "code",
   "execution_count": 1,
   "metadata": {},
   "outputs": [],
   "source": [
    "import pandas as pd\n",
    "import numpy as np\n",
    "from numpy.linalg import inv"
   ]
  },
  {
   "cell_type": "markdown",
   "metadata": {},
   "source": [
    "# Prepare data"
   ]
  },
  {
   "cell_type": "code",
   "execution_count": 2,
   "metadata": {},
   "outputs": [],
   "source": [
    "data = pd.read_excel(\"data.xlsx\")\n",
    "data=data.loc[[1,2,3,4,5,6,7,8,9,10],[2557,2558,2559,2560]]\n",
    "dataDimension = [10,4]"
   ]
  },
  {
   "cell_type": "code",
   "execution_count": 3,
   "metadata": {},
   "outputs": [],
   "source": [
    "data_array=data.as_matrix()\n",
    "data_array=data_array*100"
   ]
  },
  {
   "cell_type": "code",
   "execution_count": 4,
   "metadata": {},
   "outputs": [],
   "source": [
    "mean=[]\n",
    "for i in range(len(data_array)):\n",
    "    mean.append((data_array[i].mean()))"
   ]
  },
  {
   "cell_type": "code",
   "execution_count": 5,
   "metadata": {},
   "outputs": [],
   "source": [
    "zig_array = np.full((dataDimension[0], dataDimension[0]), np.NaN)\n",
    "for i in range(len(data_array)):\n",
    "    for j in range(len(data_array)):\n",
    "        zig_array[i][j]=(np.cov(data_array[i].astype(float),data_array[j].astype(float),rowvar=False)[0][1])"
   ]
  },
  {
   "cell_type": "markdown",
   "metadata": {},
   "source": [
    "# Find H Array"
   ]
  },
  {
   "cell_type": "code",
   "execution_count": 6,
   "metadata": {},
   "outputs": [],
   "source": [
    "H = np.full((2+dataDimension[0], 2+dataDimension[0]), np.NaN)\n",
    "H[0][0]=0\n",
    "H[0][1]=0\n",
    "H[1][0]=0\n",
    "H[1][1]=0\n",
    "\n",
    "for i in range(2,len(H)):\n",
    "    H[1][i]=1\n",
    "    H[i][1]=1\n",
    "    \n",
    "    H[0][i]=mean[i-2]\n",
    "    H[i][0]=mean[i-2]\n",
    "for i in range(2,len(H)):\n",
    "    for j in range(2,len(H)):\n",
    "        H[i][j]=zig_array[i-2][j-2]"
   ]
  },
  {
   "cell_type": "code",
   "execution_count": 7,
   "metadata": {},
   "outputs": [
    {
     "data": {
      "text/html": [
       "<div>\n",
       "<style scoped>\n",
       "    .dataframe tbody tr th:only-of-type {\n",
       "        vertical-align: middle;\n",
       "    }\n",
       "\n",
       "    .dataframe tbody tr th {\n",
       "        vertical-align: top;\n",
       "    }\n",
       "\n",
       "    .dataframe thead th {\n",
       "        text-align: right;\n",
       "    }\n",
       "</style>\n",
       "<table border=\"1\" class=\"dataframe\">\n",
       "  <thead>\n",
       "    <tr style=\"text-align: right;\">\n",
       "      <th></th>\n",
       "      <th>0</th>\n",
       "      <th>1</th>\n",
       "      <th>2</th>\n",
       "      <th>3</th>\n",
       "      <th>4</th>\n",
       "      <th>5</th>\n",
       "      <th>6</th>\n",
       "      <th>7</th>\n",
       "      <th>8</th>\n",
       "      <th>9</th>\n",
       "      <th>10</th>\n",
       "      <th>11</th>\n",
       "    </tr>\n",
       "  </thead>\n",
       "  <tbody>\n",
       "    <tr>\n",
       "      <th>0</th>\n",
       "      <td>0.000000</td>\n",
       "      <td>0.0</td>\n",
       "      <td>6.547333</td>\n",
       "      <td>7.303853</td>\n",
       "      <td>10.040207</td>\n",
       "      <td>12.566316</td>\n",
       "      <td>9.393184</td>\n",
       "      <td>6.391166</td>\n",
       "      <td>12.472634</td>\n",
       "      <td>7.612239</td>\n",
       "      <td>7.841708</td>\n",
       "      <td>8.520983</td>\n",
       "    </tr>\n",
       "    <tr>\n",
       "      <th>1</th>\n",
       "      <td>0.000000</td>\n",
       "      <td>0.0</td>\n",
       "      <td>1.000000</td>\n",
       "      <td>1.000000</td>\n",
       "      <td>1.000000</td>\n",
       "      <td>1.000000</td>\n",
       "      <td>1.000000</td>\n",
       "      <td>1.000000</td>\n",
       "      <td>1.000000</td>\n",
       "      <td>1.000000</td>\n",
       "      <td>1.000000</td>\n",
       "      <td>1.000000</td>\n",
       "    </tr>\n",
       "    <tr>\n",
       "      <th>2</th>\n",
       "      <td>6.547333</td>\n",
       "      <td>1.0</td>\n",
       "      <td>0.691252</td>\n",
       "      <td>-0.393890</td>\n",
       "      <td>0.744399</td>\n",
       "      <td>1.043690</td>\n",
       "      <td>0.229413</td>\n",
       "      <td>-0.186005</td>\n",
       "      <td>0.675772</td>\n",
       "      <td>0.035213</td>\n",
       "      <td>-0.192649</td>\n",
       "      <td>0.005775</td>\n",
       "    </tr>\n",
       "    <tr>\n",
       "      <th>3</th>\n",
       "      <td>7.303853</td>\n",
       "      <td>1.0</td>\n",
       "      <td>-0.393890</td>\n",
       "      <td>0.422277</td>\n",
       "      <td>-0.997731</td>\n",
       "      <td>-0.276622</td>\n",
       "      <td>1.200451</td>\n",
       "      <td>0.136981</td>\n",
       "      <td>-0.086131</td>\n",
       "      <td>0.245108</td>\n",
       "      <td>0.268059</td>\n",
       "      <td>0.753958</td>\n",
       "    </tr>\n",
       "    <tr>\n",
       "      <th>4</th>\n",
       "      <td>10.040207</td>\n",
       "      <td>1.0</td>\n",
       "      <td>0.744399</td>\n",
       "      <td>-0.997731</td>\n",
       "      <td>2.965259</td>\n",
       "      <td>0.611583</td>\n",
       "      <td>-4.260632</td>\n",
       "      <td>-0.224043</td>\n",
       "      <td>0.130361</td>\n",
       "      <td>-0.230802</td>\n",
       "      <td>-0.420642</td>\n",
       "      <td>-1.649031</td>\n",
       "    </tr>\n",
       "    <tr>\n",
       "      <th>5</th>\n",
       "      <td>12.566316</td>\n",
       "      <td>1.0</td>\n",
       "      <td>1.043690</td>\n",
       "      <td>-0.276622</td>\n",
       "      <td>0.611583</td>\n",
       "      <td>2.422786</td>\n",
       "      <td>1.956144</td>\n",
       "      <td>-0.176894</td>\n",
       "      <td>1.721430</td>\n",
       "      <td>0.888870</td>\n",
       "      <td>0.164764</td>\n",
       "      <td>1.668469</td>\n",
       "    </tr>\n",
       "    <tr>\n",
       "      <th>6</th>\n",
       "      <td>9.393184</td>\n",
       "      <td>1.0</td>\n",
       "      <td>0.229413</td>\n",
       "      <td>1.200451</td>\n",
       "      <td>-4.260632</td>\n",
       "      <td>1.956144</td>\n",
       "      <td>9.872748</td>\n",
       "      <td>0.061210</td>\n",
       "      <td>1.887106</td>\n",
       "      <td>1.148579</td>\n",
       "      <td>0.683012</td>\n",
       "      <td>4.397982</td>\n",
       "    </tr>\n",
       "    <tr>\n",
       "      <th>7</th>\n",
       "      <td>6.391166</td>\n",
       "      <td>1.0</td>\n",
       "      <td>-0.186005</td>\n",
       "      <td>0.136981</td>\n",
       "      <td>-0.224043</td>\n",
       "      <td>-0.176894</td>\n",
       "      <td>0.061210</td>\n",
       "      <td>0.063635</td>\n",
       "      <td>-0.099451</td>\n",
       "      <td>0.098090</td>\n",
       "      <td>0.109077</td>\n",
       "      <td>0.188394</td>\n",
       "    </tr>\n",
       "    <tr>\n",
       "      <th>8</th>\n",
       "      <td>12.472634</td>\n",
       "      <td>1.0</td>\n",
       "      <td>0.675772</td>\n",
       "      <td>-0.086131</td>\n",
       "      <td>0.130361</td>\n",
       "      <td>1.721430</td>\n",
       "      <td>1.887106</td>\n",
       "      <td>-0.099451</td>\n",
       "      <td>1.257208</td>\n",
       "      <td>0.704083</td>\n",
       "      <td>0.183002</td>\n",
       "      <td>1.440441</td>\n",
       "    </tr>\n",
       "    <tr>\n",
       "      <th>9</th>\n",
       "      <td>7.612239</td>\n",
       "      <td>1.0</td>\n",
       "      <td>0.035213</td>\n",
       "      <td>0.245108</td>\n",
       "      <td>-0.230802</td>\n",
       "      <td>0.888870</td>\n",
       "      <td>1.148579</td>\n",
       "      <td>0.098090</td>\n",
       "      <td>0.704083</td>\n",
       "      <td>0.856637</td>\n",
       "      <td>0.447740</td>\n",
       "      <td>1.554777</td>\n",
       "    </tr>\n",
       "    <tr>\n",
       "      <th>10</th>\n",
       "      <td>7.841708</td>\n",
       "      <td>1.0</td>\n",
       "      <td>-0.192649</td>\n",
       "      <td>0.268059</td>\n",
       "      <td>-0.420642</td>\n",
       "      <td>0.164764</td>\n",
       "      <td>0.683012</td>\n",
       "      <td>0.109077</td>\n",
       "      <td>0.183002</td>\n",
       "      <td>0.447740</td>\n",
       "      <td>0.300908</td>\n",
       "      <td>0.869335</td>\n",
       "    </tr>\n",
       "    <tr>\n",
       "      <th>11</th>\n",
       "      <td>8.520983</td>\n",
       "      <td>1.0</td>\n",
       "      <td>0.005775</td>\n",
       "      <td>0.753958</td>\n",
       "      <td>-1.649031</td>\n",
       "      <td>1.668469</td>\n",
       "      <td>4.397982</td>\n",
       "      <td>0.188394</td>\n",
       "      <td>1.440441</td>\n",
       "      <td>1.554777</td>\n",
       "      <td>0.869335</td>\n",
       "      <td>3.481347</td>\n",
       "    </tr>\n",
       "  </tbody>\n",
       "</table>\n",
       "</div>"
      ],
      "text/plain": [
       "           0    1         2         3          4          5         6   \\\n",
       "0    0.000000  0.0  6.547333  7.303853  10.040207  12.566316  9.393184   \n",
       "1    0.000000  0.0  1.000000  1.000000   1.000000   1.000000  1.000000   \n",
       "2    6.547333  1.0  0.691252 -0.393890   0.744399   1.043690  0.229413   \n",
       "3    7.303853  1.0 -0.393890  0.422277  -0.997731  -0.276622  1.200451   \n",
       "4   10.040207  1.0  0.744399 -0.997731   2.965259   0.611583 -4.260632   \n",
       "5   12.566316  1.0  1.043690 -0.276622   0.611583   2.422786  1.956144   \n",
       "6    9.393184  1.0  0.229413  1.200451  -4.260632   1.956144  9.872748   \n",
       "7    6.391166  1.0 -0.186005  0.136981  -0.224043  -0.176894  0.061210   \n",
       "8   12.472634  1.0  0.675772 -0.086131   0.130361   1.721430  1.887106   \n",
       "9    7.612239  1.0  0.035213  0.245108  -0.230802   0.888870  1.148579   \n",
       "10   7.841708  1.0 -0.192649  0.268059  -0.420642   0.164764  0.683012   \n",
       "11   8.520983  1.0  0.005775  0.753958  -1.649031   1.668469  4.397982   \n",
       "\n",
       "          7          8         9         10        11  \n",
       "0   6.391166  12.472634  7.612239  7.841708  8.520983  \n",
       "1   1.000000   1.000000  1.000000  1.000000  1.000000  \n",
       "2  -0.186005   0.675772  0.035213 -0.192649  0.005775  \n",
       "3   0.136981  -0.086131  0.245108  0.268059  0.753958  \n",
       "4  -0.224043   0.130361 -0.230802 -0.420642 -1.649031  \n",
       "5  -0.176894   1.721430  0.888870  0.164764  1.668469  \n",
       "6   0.061210   1.887106  1.148579  0.683012  4.397982  \n",
       "7   0.063635  -0.099451  0.098090  0.109077  0.188394  \n",
       "8  -0.099451   1.257208  0.704083  0.183002  1.440441  \n",
       "9   0.098090   0.704083  0.856637  0.447740  1.554777  \n",
       "10  0.109077   0.183002  0.447740  0.300908  0.869335  \n",
       "11  0.188394   1.440441  1.554777  0.869335  3.481347  "
      ]
     },
     "execution_count": 7,
     "metadata": {},
     "output_type": "execute_result"
    }
   ],
   "source": [
    "pd.DataFrame(H)"
   ]
  },
  {
   "cell_type": "code",
   "execution_count": 8,
   "metadata": {},
   "outputs": [
    {
     "data": {
      "text/html": [
       "<div>\n",
       "<style scoped>\n",
       "    .dataframe tbody tr th:only-of-type {\n",
       "        vertical-align: middle;\n",
       "    }\n",
       "\n",
       "    .dataframe tbody tr th {\n",
       "        vertical-align: top;\n",
       "    }\n",
       "\n",
       "    .dataframe thead th {\n",
       "        text-align: right;\n",
       "    }\n",
       "</style>\n",
       "<table border=\"1\" class=\"dataframe\">\n",
       "  <thead>\n",
       "    <tr style=\"text-align: right;\">\n",
       "      <th></th>\n",
       "      <th>0</th>\n",
       "      <th>1</th>\n",
       "      <th>2</th>\n",
       "      <th>3</th>\n",
       "      <th>4</th>\n",
       "      <th>5</th>\n",
       "      <th>6</th>\n",
       "      <th>7</th>\n",
       "      <th>8</th>\n",
       "      <th>9</th>\n",
       "    </tr>\n",
       "  </thead>\n",
       "  <tbody>\n",
       "    <tr>\n",
       "      <th>0</th>\n",
       "      <td>0.691252</td>\n",
       "      <td>-0.393890</td>\n",
       "      <td>0.744399</td>\n",
       "      <td>1.043690</td>\n",
       "      <td>0.229413</td>\n",
       "      <td>-0.186005</td>\n",
       "      <td>0.675772</td>\n",
       "      <td>0.035213</td>\n",
       "      <td>-0.192649</td>\n",
       "      <td>0.005775</td>\n",
       "    </tr>\n",
       "    <tr>\n",
       "      <th>1</th>\n",
       "      <td>-0.393890</td>\n",
       "      <td>0.422277</td>\n",
       "      <td>-0.997731</td>\n",
       "      <td>-0.276622</td>\n",
       "      <td>1.200451</td>\n",
       "      <td>0.136981</td>\n",
       "      <td>-0.086131</td>\n",
       "      <td>0.245108</td>\n",
       "      <td>0.268059</td>\n",
       "      <td>0.753958</td>\n",
       "    </tr>\n",
       "    <tr>\n",
       "      <th>2</th>\n",
       "      <td>0.744399</td>\n",
       "      <td>-0.997731</td>\n",
       "      <td>2.965259</td>\n",
       "      <td>0.611583</td>\n",
       "      <td>-4.260632</td>\n",
       "      <td>-0.224043</td>\n",
       "      <td>0.130361</td>\n",
       "      <td>-0.230802</td>\n",
       "      <td>-0.420642</td>\n",
       "      <td>-1.649031</td>\n",
       "    </tr>\n",
       "    <tr>\n",
       "      <th>3</th>\n",
       "      <td>1.043690</td>\n",
       "      <td>-0.276622</td>\n",
       "      <td>0.611583</td>\n",
       "      <td>2.422786</td>\n",
       "      <td>1.956144</td>\n",
       "      <td>-0.176894</td>\n",
       "      <td>1.721430</td>\n",
       "      <td>0.888870</td>\n",
       "      <td>0.164764</td>\n",
       "      <td>1.668469</td>\n",
       "    </tr>\n",
       "    <tr>\n",
       "      <th>4</th>\n",
       "      <td>0.229413</td>\n",
       "      <td>1.200451</td>\n",
       "      <td>-4.260632</td>\n",
       "      <td>1.956144</td>\n",
       "      <td>9.872748</td>\n",
       "      <td>0.061210</td>\n",
       "      <td>1.887106</td>\n",
       "      <td>1.148579</td>\n",
       "      <td>0.683012</td>\n",
       "      <td>4.397982</td>\n",
       "    </tr>\n",
       "    <tr>\n",
       "      <th>5</th>\n",
       "      <td>-0.186005</td>\n",
       "      <td>0.136981</td>\n",
       "      <td>-0.224043</td>\n",
       "      <td>-0.176894</td>\n",
       "      <td>0.061210</td>\n",
       "      <td>0.063635</td>\n",
       "      <td>-0.099451</td>\n",
       "      <td>0.098090</td>\n",
       "      <td>0.109077</td>\n",
       "      <td>0.188394</td>\n",
       "    </tr>\n",
       "    <tr>\n",
       "      <th>6</th>\n",
       "      <td>0.675772</td>\n",
       "      <td>-0.086131</td>\n",
       "      <td>0.130361</td>\n",
       "      <td>1.721430</td>\n",
       "      <td>1.887106</td>\n",
       "      <td>-0.099451</td>\n",
       "      <td>1.257208</td>\n",
       "      <td>0.704083</td>\n",
       "      <td>0.183002</td>\n",
       "      <td>1.440441</td>\n",
       "    </tr>\n",
       "    <tr>\n",
       "      <th>7</th>\n",
       "      <td>0.035213</td>\n",
       "      <td>0.245108</td>\n",
       "      <td>-0.230802</td>\n",
       "      <td>0.888870</td>\n",
       "      <td>1.148579</td>\n",
       "      <td>0.098090</td>\n",
       "      <td>0.704083</td>\n",
       "      <td>0.856637</td>\n",
       "      <td>0.447740</td>\n",
       "      <td>1.554777</td>\n",
       "    </tr>\n",
       "    <tr>\n",
       "      <th>8</th>\n",
       "      <td>-0.192649</td>\n",
       "      <td>0.268059</td>\n",
       "      <td>-0.420642</td>\n",
       "      <td>0.164764</td>\n",
       "      <td>0.683012</td>\n",
       "      <td>0.109077</td>\n",
       "      <td>0.183002</td>\n",
       "      <td>0.447740</td>\n",
       "      <td>0.300908</td>\n",
       "      <td>0.869335</td>\n",
       "    </tr>\n",
       "    <tr>\n",
       "      <th>9</th>\n",
       "      <td>0.005775</td>\n",
       "      <td>0.753958</td>\n",
       "      <td>-1.649031</td>\n",
       "      <td>1.668469</td>\n",
       "      <td>4.397982</td>\n",
       "      <td>0.188394</td>\n",
       "      <td>1.440441</td>\n",
       "      <td>1.554777</td>\n",
       "      <td>0.869335</td>\n",
       "      <td>3.481347</td>\n",
       "    </tr>\n",
       "  </tbody>\n",
       "</table>\n",
       "</div>"
      ],
      "text/plain": [
       "          0         1         2         3         4         5         6  \\\n",
       "0  0.691252 -0.393890  0.744399  1.043690  0.229413 -0.186005  0.675772   \n",
       "1 -0.393890  0.422277 -0.997731 -0.276622  1.200451  0.136981 -0.086131   \n",
       "2  0.744399 -0.997731  2.965259  0.611583 -4.260632 -0.224043  0.130361   \n",
       "3  1.043690 -0.276622  0.611583  2.422786  1.956144 -0.176894  1.721430   \n",
       "4  0.229413  1.200451 -4.260632  1.956144  9.872748  0.061210  1.887106   \n",
       "5 -0.186005  0.136981 -0.224043 -0.176894  0.061210  0.063635 -0.099451   \n",
       "6  0.675772 -0.086131  0.130361  1.721430  1.887106 -0.099451  1.257208   \n",
       "7  0.035213  0.245108 -0.230802  0.888870  1.148579  0.098090  0.704083   \n",
       "8 -0.192649  0.268059 -0.420642  0.164764  0.683012  0.109077  0.183002   \n",
       "9  0.005775  0.753958 -1.649031  1.668469  4.397982  0.188394  1.440441   \n",
       "\n",
       "          7         8         9  \n",
       "0  0.035213 -0.192649  0.005775  \n",
       "1  0.245108  0.268059  0.753958  \n",
       "2 -0.230802 -0.420642 -1.649031  \n",
       "3  0.888870  0.164764  1.668469  \n",
       "4  1.148579  0.683012  4.397982  \n",
       "5  0.098090  0.109077  0.188394  \n",
       "6  0.704083  0.183002  1.440441  \n",
       "7  0.856637  0.447740  1.554777  \n",
       "8  0.447740  0.300908  0.869335  \n",
       "9  1.554777  0.869335  3.481347  "
      ]
     },
     "execution_count": 8,
     "metadata": {},
     "output_type": "execute_result"
    }
   ],
   "source": [
    "pd.DataFrame(zig_array)"
   ]
  },
  {
   "cell_type": "markdown",
   "metadata": {},
   "source": [
    "# H inverse operation"
   ]
  },
  {
   "cell_type": "code",
   "execution_count": 9,
   "metadata": {},
   "outputs": [],
   "source": [
    "H_inv=inv(H)\n",
    "\n",
    "ERp=10\n",
    "erpArray = [ERp,1] +[0]*(dataDimension[0])\n",
    "\n",
    "H_operation_result=np.matmul(H_inv,erpArray)"
   ]
  },
  {
   "cell_type": "code",
   "execution_count": 10,
   "metadata": {},
   "outputs": [
    {
     "data": {
      "text/plain": [
       "array([-0.44424786, -2.71530321,  0.5784683 , -1.76556859,  0.27095017,\n",
       "        2.6179955 ,  2.06875213, -1.82333738,  1.37140866,  0.84088229])"
      ]
     },
     "execution_count": 10,
     "metadata": {},
     "output_type": "execute_result"
    }
   ],
   "source": [
    "H_operation_result[2:]"
   ]
  },
  {
   "cell_type": "code",
   "execution_count": 11,
   "metadata": {},
   "outputs": [],
   "source": [
    "# หาอินเวิร์ส\n",
    "u = np.array([1]*dataDimension[0])\n",
    "zig_inv=inv(zig_array)\n",
    "\n",
    "top = np.matmul(u,zig_inv)\n",
    "bottom = np.matmul(u,zig_inv)\n",
    "bottom = np.matmul(bottom,np.transpose(u))\n",
    "\n",
    "result = top/bottom"
   ]
  },
  {
   "cell_type": "markdown",
   "metadata": {},
   "source": [
    "# find WCWt"
   ]
  },
  {
   "cell_type": "code",
   "execution_count": 12,
   "metadata": {},
   "outputs": [
    {
     "name": "stdout",
     "output_type": "stream",
     "text": [
      "result_by_H==> -3.28942876715641e-15\n",
      "result_2==> 1.2200700401971278e-16\n"
     ]
    }
   ],
   "source": [
    "#first find by H\n",
    "result_by_H = np.matmul(H_operation_result[2:],zig_array)\n",
    "result_by_H = np.matmul(result_by_H,np.transpose(H_operation_result[2:]))\n",
    "\n",
    "#first find by another\n",
    "result_2 = np.matmul(result,zig_array)\n",
    "result_2 = np.matmul(result_2,np.transpose(result))\n",
    "\n",
    "print(\"result_by_H==>\",result_by_H)\n",
    "print(\"result_2==>\",result_2)"
   ]
  },
  {
   "cell_type": "code",
   "execution_count": null,
   "metadata": {},
   "outputs": [],
   "source": []
  }
 ],
 "metadata": {
  "kernelspec": {
   "display_name": "Python 3",
   "language": "python",
   "name": "python3"
  },
  "language_info": {
   "codemirror_mode": {
    "name": "ipython",
    "version": 3
   },
   "file_extension": ".py",
   "mimetype": "text/x-python",
   "name": "python",
   "nbconvert_exporter": "python",
   "pygments_lexer": "ipython3",
   "version": "3.6.4"
  }
 },
 "nbformat": 4,
 "nbformat_minor": 2
}
